Optimization Results:
ordering_coheE: 0
delF: 0.0053532426658821075
del_Latt: 0.21496300801624582
delE_cohe: 0.00011992055716036898
delE: 0.0018556508697612495
Total Score: 0.22764506477493165
-----------------------------------------
